316 6
791 319 239 868 53 946 
786 141 496 675 36 337 
719 771 682 665 955 448 
757 438 65 704 139 185 
813 516 857 159 541 988 
274 997 551 827 460 424 
547 624 82 686 586 775 
812 686 180 146 560 692 
913 783 360 175 416 998 
691 357 697 493 284 277 
764 186 71 614 145 804 
141 918 803 884 225 170 
873 385 667 266 564 339 
568 681 822 967 233 468 
996 501 722 22 832 512 
256 289 131 587 535 860 
115 582 380 535 998 648 
6 358 64 97 824 421 
326 510 864 275 39 833 
693 573 233 457 493 177 
499 91 0 803 175 571 
723 116 788 755 579 818 
966 364 150 543 327 780 
379 192 259 302 410 311 
270 480 175 234 551 408 
698 80 165 926 932 872 
13 15 1000 598 193 530 
482 265 904 176 981 612 
572 637 843 117 989 506 
561 859 846 60 436 742 
750 979 244 24 47 76 
479 678 995 687 40 836 
123 80 848 144 766 349 
169 623 886 930 4 146 
773 743 819 148 316 35 
756 352 248 646 756 181 
973 576 961 916 613 737 
985 265 960 154 618 607 
163 878 276 34 347 231 
706 433 158 414 354 435 
366 930 786 118 447 410 
859 767 702 704 334 570 
877 14 373 329 315 27 
146 885 91 963 738 48 
511 620 872 959 874 599 
921 473 960 472 87 704 
170 722 318 727 681 752 
862 534 830 277 983 577 
155 944 943 453 812 915 
679 759 514 605 570 405 
47 307 668 756 753 323 
72 663 832 492 545 442 
949 749 25 552 161 714 
663 520 209 130 856 217 
89 997 982 302 369 500 
996 821 291 752 483 233 
411 144 70 570 433 157 
767 49 248 982 989 521 
425 813 797 174 318 445 
435 594 488 924 70 925 
139 976 116 82 509 801 
705 807 282 554 506 878 
902 407 915 438 612 450 
131 575 649 874 244 47 
842 603 398 50 939 619 
209 11 308 462 693 423 
473 702 105 391 648 751 
889 857 331 124 515 338 
622 983 861 29 536 78 
364 776 23 291 917 630 
237 179 72 199 370 941 
912 864 321 965 460 97 
0 155 25 568 540 414 
940 649 242 209 871 413 
30 243 881 992 632 974 
876 628 460 839 177 108 
817 300 378 299 161 149 
395 447 301 947 39 605 
768 770 817 228 405 284 
687 967 206 247 250 848 
463 684 617 342 658 424 
560 843 651 882 712 96 
98 82 726 516 977 537 
266 730 76 485 705 423 
753 588 790 120 167 53 
751 442 30 606 893 574 
767 99 151 918 425 718 
110 705 572 147 836 201 
498 751 725 286 590 386 
719 170 236 60 933 38 
796 54 905 909 512 286 
60 219 39 593 46 508 
974 849 190 52 142 959 
965 648 854 80 96 159 
545 499 738 902 118 557 
506 975 610 306 394 692 
359 125 778 368 555 926 
505 171 584 693 981 682 
486 55 363 947 994 208 
746 369 917 166 303 611 
70 643 817 870 827 911 
898 440 602 897 712 700 
840 553 646 520 936 731 
890 962 178 366 224 338 
389 702 579 541 527 168 
871 600 181 562 1000 326 
116 647 864 167 459 754 
705 459 171 347 512 157 
321 784 826 298 571 274 
187 291 568 153 122 871 
804 218 755 23 430 432 
873 393 678 979 997 369 
31 747 82 908 701 147 
71 84 802 92 714 9 
496 198 284 409 908 241 
934 833 699 665 171 745 
345 226 714 446 701 824 
699 787 378 440 678 232 
138 272 274 944 696 97 
377 696 677 627 218 720 
561 234 257 781 906 825 
654 947 346 155 890 469 
325 204 20 80 284 199 
191 845 515 867 240 623 
246 921 461 406 238 17 
26 752 16 962 629 568 
757 551 365 315 158 795 
99 107 574 166 393 459 
534 323 261 684 714 142 
799 909 947 377 389 771 
157 825 853 590 206 243 
490 146 849 533 548 950 
384 538 830 850 568 332 
323 375 663 816 194 148 
314 232 536 642 41 784 
831 277 158 462 623 703 
934 232 447 503 859 785 
617 235 532 197 443 587 
312 251 777 738 816 527 
412 171 91 862 858 328 
751 92 712 523 434 848 
46 653 125 796 805 684 
789 802 578 18 919 771 
738 0 699 250 477 654 
152 187 343 319 125 362 
210 93 266 896 246 133 
965 905 246 59 954 679 
928 551 638 57 96 257 
690 150 252 376 260 927 
176 470 315 707 55 502 
465 542 905 621 886 357 
893 742 431 229 811 865 
421 331 299 530 741 627 
20 471 247 414 73 236 
543 539 103 664 894 937 
323 955 659 616 717 281 
536 224 218 298 387 769 
360 972 65 404 289 553 
991 760 906 468 515 301 
230 762 897 708 435 289 
30 753 137 608 547 987 
460 766 108 425 474 438 
860 646 794 630 195 243 
701 607 588 973 493 509 
142 46 759 585 638 617 
443 238 413 395 813 622 
947 479 236 167 440 962 
636 574 497 507 439 89 
694 603 274 986 993 814 
908 821 922 687 670 180 
362 417 836 377 842 291 
463 712 786 552 934 355 
84 755 478 491 979 213 
306 9 579 663 191 700 
510 555 549 16 150 224 
342 77 905 254 134 598 
719 172 577 690 888 223 
306 151 768 721 128 891 
393 871 958 428 174 70 
342 177 444 528 849 451 
942 908 512 663 648 241 
511 35 43 712 899 471 
960 535 18 606 413 871 
361 686 46 958 891 477 
353 780 714 488 905 428 
46 287 652 159 442 964 
389 901 405 661 388 478 
343 120 418 261 813 940 
816 480 423 147 977 548 
390 163 972 250 542 372 
418 593 600 243 755 76 
893 909 620 60 647 652 
803 947 985 836 685 647 
837 677 797 840 988 967 
243 279 733 700 973 264 
722 302 899 399 223 260 
894 404 365 273 91 147 
821 99 747 37 409 277 
692 879 762 153 813 598 
715 574 41 661 695 662 
409 745 890 958 64 844 
587 225 503 491 639 58 
25 840 868 647 526 286 
930 431 258 289 908 359 
600 109 258 329 192 245 
744 150 424 887 505 746 
506 240 475 934 84 515 
307 803 728 822 846 205 
537 652 164 216 415 790 
966 503 277 43 368 798 
240 844 934 864 387 183 
328 885 435 735 736 699 
291 513 594 249 878 970 
9 883 864 822 765 41 
491 928 202 234 455 982 
582 108 493 303 642 523 
153 905 185 177 248 764 
863 109 189 864 504 889 
172 965 910 80 493 226 
617 948 966 391 758 576 
902 603 337 687 575 413 
259 503 100 600 789 831 
588 968 276 216 707 134 
119 903 702 897 276 964 
701 575 976 13 918 643 
766 716 577 765 983 331 
141 334 341 106 306 775 
777 464 996 850 984 393 
933 878 803 847 809 232 
167 167 507 380 421 747 
901 567 886 214 340 713 
351 773 99 462 556 211 
896 923 274 994 613 970 
296 379 550 282 570 135 
473 677 170 883 590 369 
776 371 111 46 994 665 
71 780 57 153 231 115 
134 920 422 307 232 782 
977 727 702 251 674 678 
91 973 415 248 849 925 
287 801 302 259 741 447 
404 700 413 829 195 736 
569 409 114 554 601 173 
870 227 310 847 290 246 
913 447 773 122 74 115 
338 922 517 544 60 526 
580 332 911 250 17 395 
31 181 50 277 265 975 
523 100 621 796 622 546 
201 876 162 291 959 353 
873 3 940 493 453 676 
163 553 556 977 333 829 
202 678 908 641 957 684 
611 989 428 365 76 887 
9 316 660 613 845 981 
586 165 261 606 641 398 
31 69 148 955 38 199 
973 829 432 963 454 230 
815 660 786 724 581 10 
317 604 597 437 273 110 
463 528 224 245 298 395 
448 327 233 787 347 35 
60 134 84 373 357 750 
780 749 504 224 848 394 
108 532 591 645 488 244 
320 230 456 81 973 241 
888 670 168 671 158 527 
264 325 567 138 400 985 
805 471 1 705 346 129 
645 328 653 207 52 228 
44 585 482 392 160 356 
506 943 630 87 330 9 
63 112 380 689 235 636 
19 420 372 330 450 790 
606 12 146 775 665 589 
995 109 225 844 613 233 
118 884 840 111 746 601 
891 641 628 162 813 238 
926 836 837 774 572 821 
191 812 193 602 557 524 
846 645 215 929 656 406 
293 640 880 392 87 116 
153 491 111 287 768 419 
689 344 579 918 819 347 
814 951 891 598 492 210 
442 493 713 419 588 189 
525 974 778 321 264 135 
864 589 572 285 238 745 
147 268 250 778 296 24 
553 509 458 110 401 885 
393 390 352 452 197 779 
863 35 357 175 907 475 
49 892 996 661 237 554 
920 59 779 674 954 267 
355 293 586 456 730 292 
978 409 475 146 811 608 
359 946 579 853 588 319 
1 392 602 761 989 763 
609 586 844 35 324 401 
905 966 730 598 380 70 
901 705 438 386 281 790 
656 105 881 612 269 969 
943 461 962 949 904 611 
778 220 345 841 363 802 
879 292 440 943 496 41 
585 990 885 555 161 416 
559 483 461 879 532 411 
623 410 244 186 600 560 
258 484 508 683 139 502 
54 933 983 744 731 616 
399 873 612 732 27 115 
470 608 162 172 137 220 
763 459 883 871 493 310 
603 949 526 594 766 804 
431 574 848 792 652 70 
665 814 310 657 812 461 
